15
B5 71 9 2 43 2
B11 33 48 69 7 1
B3 94 65 59 4 1
B4 34 9 35 28 0
B15 85 89 50 93 1
B14 84 99 54 1 2
B9 78 41 40 88 0
B6 78 34 11 92 1
B2 29 17 95 54 0
B1 40 57 28 1 2
B8 46 50 39 25 1
B13 1 22 49 45 2
B12 94 98 10 37 2
B7 43 15 9 17 0
B10 54 57 10 64 0
15
G3 50 69 73 1 1
G5 31 27 80 0 1
G14 73 41 38 1 0
G9 41 24 50 0 2
G6 79 56 89 0 1
G15 77 4 36 0 1
G11 47 95 73 2 2
G10 31 75 5 2 0
G8 65 92 26 1 1
G7 40 34 66 0 0
G4 83 36 28 1 1
G2 50 73 47 0 0
G1 7 82 20 1 2
G12 49 97 42 0 0
G13 34 65 88 0 1
16
32 84 3 90
38 76 34 4
39 52 66 68
42 48 83 90
43 91 
45 80 2 73
81 78 4 26
85 59 
86 79 
91 56 6 29
92 78 8 46
98 50 77 97
104 39 52 65
108 33 5 84
110 34 
116 76 32 1
